1	3	7
1	5	100
1	6	127
1	10	1
1	12	5
2	2	9
2	7	11
2	80	1
2	10	10
2	33	2
4	12	1
4	112	3
5	1	7
5	2	7
5	4	7
5	5	7
6	38	1
6	39	1
6	42	5
6	43	9
7	8	1
7	18	2
7	12	5
7	15	3
7	152	2
9	1	1
9	2	1
9	3	2
9	9	5
9	10	7
9	33	3
10	1	1
10	2	1
10	3	2
10	5	7
10	17	11
10	19	11
10	110	12
10	33	2
10	34	3
12	1	1
12	2	3
12	9	4
12	10	5
12	33	7
12	34	8
12	42	9
12	43	13
14	37	14
14	39	1
15	1	5
15	2	5
15	3	5
15	4	5
15	5	8
15	6	9
15	7	9
33	12	5
33	40	6
33	41	7
34	4	111
34	10	123
34	12	90
35	12	10
35	15	6
36	1	5
36	2	5
36	4	5
36	7	3
36	10	2
36	11	10
36	12	11
36	15	8
36	36	1
36	41	2
37	1	1
37	2	2
37	3	3
37	10	4
37	13	5
37	14	6
37	15	7
37	33	8
37	36	9
37	36	10
37	37	11
37	38	10
38	11	10
38	12	11
38	13	12
38	36	13
38	37	14
38	38	15
38	39	16
38	40	17
38	42	18
39	6	8
39	7	8
39	9	8
39	10	8
39	12	1
39	15	2
39	37	3
39	38	4
41	4	1
41	5	2
41	6	3
41	7	13
41	10	6
41	11	10
42	7	10
42	15	20
42	39	30
42	40	3
42	41	5
42	42	6
